8.0
8.3
8.1
7.9
9.05
8.5
8.1
8.9
8.6
10.1
8.2
8.11
7.9
13.00
8.2
8.32
7.9
8.0
7.50
7.8
9.93
8.9
7.79
9.2
8.2
7.8
8.5
7.89
8.9
8.6
8.1
6.87
7.3
8.7
10.0
7.54
7.77
8.9
6.9
7.3
7.4
7.90
10.5
9.8
10.1
8.5
8.63
6.99
8.01
7.92
7.68
7.8
7.68
10.06
7.90
10.1
7.8
7.85
7.6
7.2
7.4
10.0
7.2
7.5
8.6
9.2
8.0
11
8.99
7.2
10.13
18
12.48
10.6
7.004
8.25
7.0
15.24
8.0
7.95
7.0
7.2
9.0
5.0
9.5
7.6
7.9
7.0
20.0
7.18
9.50
8.8
8.91
10.19
7.9
7.8
6.8
6.9
8.6
7.2
5.5
7.94
9.0
7.40
12.0
8.5
9.0
8.01
9.9
8.5
7.6
7.5
7.73
10.8
8.2
7.8
7.6
10.8
7.3
7.1
8.0
7.9
9.5
8.4
7.1
8.1
7.5
8.0
7.8
11.30
9.2
11.5
8.5
7.1
7.2
11.0
10.0
9.2
8.40
8.48
7.21
8.2
8.8
9.35
8.6
8.6
7.7
7.7
8.2
7.53
8.9
7.3
7.2
6.7
8.20
27.3
7.9
8.4
10.1
7.6
9.4
8.2
7.8
8.2
10.4
6.2
8.5
7.9
10.
7.3
7.0
7.65
7.91
8.5
8.74
8.90
9.52
9.32
9.61
10.44
11.30
8.2
10.
9.
7.8
7.6
6.22
7.8
8.5
8.9
7.8
8.6
8.9
7.8
6.82
7.11
9.06
7.5
7.3
7.6
9.3
8.0
8.1
8.2
8.2
8.3
8.3
7.5
7.8
7.8
7.2
7.8
7.6
8.0
8.8
9.0
7.6
11.3
10.4
9.6
9.5
8.9
8.7
8.4
7.8
7.9
7.5
7.9
8.21
7.81
8.3
7.2
10.
7.6
8.9
6.9
11.2
7.3
9.5
10.
8.09
8.36
8.80
8.4
8.73
28.9
7.8
7.79
9.5
8.
10
8.7
8.0
7.0
8.8
8.3
7.76
10.
7.87
8.1
7.73
7.2
7.4
8.
8.2
8.08
7.8
8.05
8.1
7.8
9.0
8.02
8.7
8.22
9.
6.9
8.1
8.0
7.0
12
8.8
7.0
8.0
8.6
8.8
7.4
7.1
6.9
7.38
8.
8.7
8.3
7.8
7.5
7.5
7.2
7.1
8.4
8.
7.6
10.8
8.27
6.9
8.3
9.5
8.0